Temperature (K)	Pressure (bar)	Density (kg/m3)	Volume (m3/kg)	Internal Energy (kJ/mol)	Enthalpy (kJ/mol)	Entropy (J/mol*K)	Cv (J/mol*K)	Cp (J/mol*K)	Sound Spd. (m/s)	Joule-Thomson (K/bar)	Viscosity (uPa*s)	Therm. Cond. (W/m*K)	Phase
100.00	1.0000	3.4366	0.29098	2.0396	2.8547	159.50	21.049	30.012	201.64	1.6082	6.9644	0.0098709	vapor
100.33	1.0000	3.4245	0.29201	2.0467	2.8647	159.60	21.046	30.002	202.00	1.5981	6.9864	0.0099051	vapor
100.67	1.0000	3.4126	0.29304	2.0538	2.8747	159.70	21.042	29.992	202.36	1.5881	7.0083	0.0099392	vapor
101.00	1.0000	3.4006	0.29406	2.0610	2.8847	159.80	21.039	29.982	202.72	1.5782	7.0303	0.0099732	vapor
101.33	1.0000	3.3888	0.29509	2.0681	2.8947	159.90	21.036	29.973	203.07	1.5684	7.0522	0.010007	vapor
101.67	1.0000	3.3771	0.29611	2.0752	2.9047	160.00	21.032	29.963	203.43	1.5587	7.0741	0.010041	vapor
102.00	1.0000	3.3654	0.29714	2.0823	2.9147	160.09	21.029	29.954	203.79	1.5491	7.0961	0.010075	vapor
102.33	1.0000	3.3539	0.29816	2.0894	2.9247	160.19	21.026	29.945	204.14	1.5396	7.1179	0.010109	vapor
102.67	1.0000	3.3424	0.29919	2.0965	2.9347	160.29	21.023	29.936	204.49	1.5302	7.1398	0.010143	vapor
103.00	1.0000	3.3310	0.30021	2.1036	2.9446	160.39	21.020	29.927	204.85	1.5209	7.1617	0.010177	vapor
103.33	1.0000	3.3196	0.30124	2.1107	2.9546	160.48	21.017	29.918	205.20	1.5117	7.1835	0.010210	vapor
103.67	1.0000	3.3084	0.30226	2.1178	2.9646	160.58	21.014	29.910	205.55	1.5026	7.2054	0.010244	vapor
104.00	1.0000	3.2972	0.30328	2.1249	2.9746	160.67	21.011	29.901	205.90	1.4936	7.2272	0.010278	vapor
104.33	1.0000	3.2861	0.30431	2.1320	2.9845	160.77	21.008	29.893	206.25	1.4847	7.2490	0.010311	vapor
104.67	1.0000	3.2751	0.30533	2.1391	2.9945	160.87	21.005	29.885	206.60	1.4758	7.2708	0.010345	vapor
105.00	1.0000	3.2642	0.30635	2.1462	3.0044	160.96	21.003	29.876	206.95	1.4671	7.2925	0.010378	vapor
105.33	1.0000	3.2534	0.30737	2.1533	3.0144	161.06	21.000	29.868	207.30	1.4585	7.3143	0.010411	vapor
105.67	1.0000	3.2426	0.30840	2.1604	3.0244	161.15	20.997	29.861	207.64	1.4499	7.3360	0.010445	vapor
106.00	1.0000	3.2319	0.30942	2.1675	3.0343	161.24	20.995	29.853	207.99	1.4414	7.3578	0.010478	vapor
106.33	1.0000	3.2212	0.31044	2.1746	3.0443	161.34	20.992	29.845	208.34	1.4331	7.3795	0.010511	vapor
106.67	1.0000	3.2107	0.31146	2.1817	3.0542	161.43	20.989	29.838	208.68	1.4248	7.4012	0.010545	vapor
107.00	1.0000	3.2002	0.31248	2.1888	3.0641	161.52	20.987	29.830	209.03	1.4165	7.4228	0.010578	vapor
107.33	1.0000	3.1898	0.31350	2.1959	3.0741	161.62	20.985	29.823	209.37	1.4084	7.4445	0.010611	vapor
107.67	1.0000	3.1794	0.31452	2.2029	3.0840	161.71	20.982	29.816	209.71	1.4003	7.4662	0.010644	vapor
108.00	1.0000	3.1692	0.31554	2.2100	3.0940	161.80	20.980	29.809	210.06	1.3924	7.4878	0.010677	vapor
108.33	1.0000	3.1590	0.31656	2.2171	3.1039	161.89	20.977	29.802	210.40	1.3845	7.5094	0.010710	vapor
108.67	1.0000	3.1488	0.31758	2.2242	3.1138	161.99	20.975	29.795	210.74	1.3766	7.5310	0.010743	vapor
109.00	1.0000	3.1387	0.31860	2.2313	3.1238	162.08	20.973	29.788	211.08	1.3689	7.5526	0.010776	vapor
109.33	1.0000	3.1287	0.31962	2.2383	3.1337	162.17	20.971	29.782	211.42	1.3612	7.5742	0.010809	vapor
109.67	1.0000	3.1188	0.32064	2.2454	3.1436	162.26	20.969	29.775	211.76	1.3536	7.5957	0.010842	vapor
110.00	1.0000	3.1089	0.32165	2.2525	3.1535	162.35	20.966	29.769	212.10	1.3461	7.6172	0.010874	vapor
110.33	1.0000	3.0991	0.32267	2.2595	3.1635	162.44	20.964	29.762	212.44	1.3386	7.6388	0.010907	vapor
110.67	1.0000	3.0894	0.32369	2.2666	3.1734	162.53	20.962	29.756	212.77	1.3313	7.6603	0.010940	vapor
111.00	1.0000	3.0797	0.32471	2.2737	3.1833	162.62	20.960	29.750	213.11	1.3239	7.6818	0.010972	vapor
111.33	1.0000	3.0701	0.32572	2.2808	3.1932	162.71	20.958	29.744	213.45	1.3167	7.7033	0.011005	vapor
111.67	1.0000	3.0605	0.32674	2.2878	3.2031	162.80	20.956	29.738	213.78	1.3095	7.7247	0.011037	vapor
112.00	1.0000	3.0510	0.32776	2.2949	3.2130	162.88	20.954	29.732	214.12	1.3024	7.7462	0.011070	vapor
112.33	1.0000	3.0416	0.32877	2.3019	3.2230	162.97	20.952	29.726	214.45	1.2954	7.7676	0.011102	vapor
112.67	1.0000	3.0322	0.32979	2.3090	3.2329	163.06	20.951	29.720	214.78	1.2884	7.7890	0.011135	vapor
113.00	1.0000	3.0229	0.33081	2.3161	3.2428	163.15	20.949	29.715	215.12	1.2815	7.8104	0.011167	vapor
113.33	1.0000	3.0137	0.33182	2.3231	3.2527	163.24	20.947	29.709	215.45	1.2746	7.8318	0.011199	vapor
113.67	1.0000	3.0045	0.33284	2.3302	3.2626	163.32	20.945	29.703	215.78	1.2678	7.8532	0.011232	vapor
114.00	1.0000	2.9953	0.33385	2.3372	3.2725	163.41	20.943	29.698	216.11	1.2611	7.8745	0.011264	vapor
114.33	1.0000	2.9862	0.33487	2.3443	3.2824	163.50	20.942	29.693	216.44	1.2544	7.8959	0.011296	vapor
114.67	1.0000	2.9772	0.33588	2.3513	3.2923	163.58	20.940	29.687	216.77	1.2478	7.9172	0.011328	vapor
115.00	1.0000	2.9683	0.33690	2.3584	3.3022	163.67	20.938	29.682	217.10	1.2412	7.9385	0.011360	vapor
115.33	1.0000	2.9593	0.33791	2.3654	3.3121	163.76	20.937	29.677	217.43	1.2348	7.9598	0.011393	vapor
115.67	1.0000	2.9505	0.33893	2.3725	3.3219	163.84	20.935	29.672	217.76	1.2283	7.9811	0.011425	vapor
116.00	1.0000	2.9417	0.33994	2.3795	3.3318	163.93	20.933	29.667	218.09	1.2219	8.0023	0.011457	vapor
116.33	1.0000	2.9329	0.34095	2.3866	3.3417	164.01	20.932	29.662	218.41	1.2156	8.0236	0.011489	vapor
116.67	1.0000	2.9242	0.34197	2.3936	3.3516	164.10	20.930	29.657	218.74	1.2093	8.0448	0.011520	vapor
117.00	1.0000	2.9156	0.34298	2.4007	3.3615	164.18	20.929	29.652	219.07	1.2031	8.0660	0.011552	vapor
117.33	1.0000	2.9070	0.34400	2.4077	3.3714	164.27	20.927	29.647	219.39	1.1970	8.0872	0.011584	vapor
117.67	1.0000	2.8985	0.34501	2.4148	3.3813	164.35	20.926	29.642	219.72	1.1909	8.1084	0.011616	vapor
118.00	1.0000	2.8900	0.34602	2.4218	3.3911	164.43	20.924	29.638	220.04	1.1848	8.1296	0.011648	vapor
118.33	1.0000	2.8816	0.34703	2.4289	3.4010	164.52	20.923	29.633	220.36	1.1788	8.1508	0.011680	vapor
118.67	1.0000	2.8732	0.34805	2.4359	3.4109	164.60	20.921	29.629	220.69	1.1729	8.1719	0.011711	vapor
119.00	1.0000	2.8648	0.34906	2.4429	3.4208	164.68	20.920	29.624	221.01	1.1670	8.1930	0.011743	vapor
119.33	1.0000	2.8566	0.35007	2.4500	3.4306	164.77	20.919	29.620	221.33	1.1611	8.2142	0.011774	vapor
119.67	1.0000	2.8483	0.35108	2.4570	3.4405	164.85	20.917	29.615	221.65	1.1553	8.2353	0.011806	vapor
120.00	1.0000	2.8401	0.35210	2.4640	3.4504	164.93	20.916	29.611	221.97	1.1496	8.2563	0.011838	vapor
120.33	1.0000	2.8320	0.35311	2.4711	3.4603	165.01	20.915	29.607	222.29	1.1439	8.2774	0.011869	vapor
120.67	1.0000	2.8239	0.35412	2.4781	3.4701	165.10	20.913	29.603	222.61	1.1382	8.2985	0.011901	vapor
121.00	1.0000	2.8159	0.35513	2.4852	3.4800	165.18	20.912	29.599	222.93	1.1326	8.3195	0.011932	vapor
121.33	1.0000	2.8079	0.35614	2.4922	3.4899	165.26	20.911	29.594	223.25	1.1270	8.3405	0.011963	vapor
121.67	1.0000	2.7999	0.35715	2.4992	3.4997	165.34	20.909	29.590	223.57	1.1215	8.3615	0.011995	vapor
122.00	1.0000	2.7920	0.35816	2.5062	3.5096	165.42	20.908	29.586	223.89	1.1160	8.3825	0.012026	vapor
122.33	1.0000	2.7842	0.35917	2.5133	3.5194	165.50	20.907	29.582	224.21	1.1106	8.4035	0.012057	vapor
122.67	1.0000	2.7764	0.36018	2.5203	3.5293	165.58	20.906	29.578	224.52	1.1052	8.4245	0.012089	vapor
123.00	1.0000	2.7686	0.36119	2.5273	3.5392	165.66	20.905	29.575	224.84	1.0999	8.4454	0.012120	vapor
123.33	1.0000	2.7609	0.36221	2.5344	3.5490	165.74	20.903	29.571	225.16	1.0946	8.4664	0.012151	vapor
123.67	1.0000	2.7532	0.36322	2.5414	3.5589	165.82	20.902	29.567	225.47	1.0893	8.4873	0.012182	vapor
124.00	1.0000	2.7456	0.36423	2.5484	3.5687	165.90	20.901	29.563	225.79	1.0841	8.5082	0.012213	vapor
124.33	1.0000	2.7380	0.36523	2.5554	3.5786	165.98	20.900	29.560	226.10	1.0790	8.5291	0.012244	vapor
124.67	1.0000	2.7304	0.36624	2.5625	3.5884	166.06	20.899	29.556	226.41	1.0738	8.5500	0.012275	vapor
125.00	1.0000	2.7229	0.36725	2.5695	3.5983	166.14	20.898	29.552	226.73	1.0688	8.5708	0.012307	vapor
125.33	1.0000	2.7154	0.36826	2.5765	3.6081	166.22	20.897	29.549	227.04	1.0637	8.5917	0.012338	vapor
125.67	1.0000	2.7080	0.36927	2.5835	3.6180	166.30	20.896	29.545	227.35	1.0587	8.6125	0.012368	vapor
126.00	1.0000	2.7006	0.37028	2.5906	3.6278	166.37	20.895	29.542	227.67	1.0537	8.6333	0.012399	vapor
126.33	1.0000	2.6933	0.37129	2.5976	3.6377	166.45	20.894	29.539	227.98	1.0488	8.6541	0.012430	vapor
126.67	1.0000	2.6860	0.37230	2.6046	3.6475	166.53	20.893	29.535	228.29	1.0439	8.6749	0.012461	vapor
127.00	1.0000	2.6788	0.37331	2.6116	3.6574	166.61	20.892	29.532	228.60	1.0390	8.6957	0.012492	vapor
127.33	1.0000	2.6715	0.37432	2.6186	3.6672	166.69	20.891	29.528	228.91	1.0342	8.7164	0.012523	vapor
127.67	1.0000	2.6644	0.37532	2.6256	3.6771	166.76	20.890	29.525	229.22	1.0295	8.7372	0.012554	vapor
128.00	1.0000	2.6572	0.37633	2.6327	3.6869	166.84	20.889	29.522	229.53	1.0247	8.7579	0.012584	vapor
128.33	1.0000	2.6501	0.37734	2.6397	3.6967	166.92	20.888	29.519	229.84	1.0200	8.7786	0.012615	vapor
128.67	1.0000	2.6431	0.37835	2.6467	3.7066	166.99	20.887	29.516	230.14	1.0153	8.7993	0.012646	vapor
129.00	1.0000	2.6360	0.37936	2.6537	3.7164	167.07	20.886	29.513	230.45	1.0107	8.8200	0.012676	vapor
129.33	1.0000	2.6291	0.38036	2.6607	3.7263	167.15	20.885	29.509	230.76	1.0061	8.8407	0.012707	vapor
129.67	1.0000	2.6221	0.38137	2.6677	3.7361	167.22	20.884	29.506	231.07	1.0015	8.8613	0.012737	vapor
130.00	1.0000	2.6152	0.38238	2.6748	3.7459	167.30	20.883	29.503	231.37	0.99700	8.8820	0.012768	vapor
130.33	1.0000	2.6083	0.38339	2.6818	3.7558	167.37	20.883	29.500	231.68	0.99250	8.9026	0.012798	vapor
130.67	1.0000	2.6015	0.38439	2.6888	3.7656	167.45	20.882	29.497	231.98	0.98804	8.9232	0.012829	vapor
131.00	1.0000	2.5947	0.38540	2.6958	3.7754	167.52	20.881	29.495	232.29	0.98360	8.9438	0.012859	vapor
131.33	1.0000	2.5879	0.38641	2.7028	3.7853	167.60	20.880	29.492	232.59	0.97921	8.9644	0.012890	vapor
131.67	1.0000	2.5812	0.38742	2.7098	3.7951	167.67	20.879	29.489	232.90	0.97484	8.9850	0.012920	vapor
132.00	1.0000	2.5745	0.38842	2.7168	3.8049	167.75	20.878	29.486	233.20	0.97050	9.0055	0.012951	vapor
132.33	1.0000	2.5679	0.38943	2.7238	3.8147	167.82	20.878	29.483	233.50	0.96620	9.0261	0.012981	vapor
132.67	1.0000	2.5612	0.39043	2.7308	3.8246	167.90	20.877	29.480	233.81	0.96193	9.0466	0.013011	vapor
133.00	1.0000	2.5547	0.39144	2.7378	3.8344	167.97	20.876	29.478	234.11	0.95769	9.0671	0.013041	vapor
133.33	1.0000	2.5481	0.39245	2.7448	3.8442	168.04	20.875	29.475	234.41	0.95348	9.0876	0.013072	vapor
133.67	1.0000	2.5416	0.39345	2.7519	3.8541	168.12	20.874	29.472	234.71	0.94930	9.1081	0.013102	vapor
134.00	1.0000	2.5351	0.39446	2.7589	3.8639	168.19	20.874	29.470	235.01	0.94515	9.1285	0.013132	vapor
134.33	1.0000	2.5287	0.39547	2.7659	3.8737	168.26	20.873	29.467	235.31	0.94103	9.1490	0.013162	vapor
134.67	1.0000	2.5223	0.39647	2.7729	3.8835	168.34	20.872	29.464	235.62	0.93694	9.1694	0.013192	vapor
135.00	1.0000	2.5159	0.39748	2.7799	3.8933	168.41	20.871	29.462	235.91	0.93288	9.1899	0.013222	vapor
135.33	1.0000	2.5095	0.39848	2.7869	3.9032	168.48	20.871	29.459	236.21	0.92885	9.2103	0.013253	vapor
135.67	1.0000	2.5032	0.39949	2.7939	3.9130	168.55	20.870	29.457	236.51	0.92484	9.2307	0.013283	vapor
136.00	1.0000	2.4969	0.40049	2.8009	3.9228	168.63	20.869	29.454	236.81	0.92087	9.2511	0.013313	vapor
136.33	1.0000	2.4907	0.40150	2.8079	3.9326	168.70	20.869	29.452	237.11	0.91692	9.2714	0.013343	vapor
136.67	1.0000	2.4844	0.40250	2.8149	3.9424	168.77	20.868	29.450	237.41	0.91300	9.2918	0.013373	vapor
137.00	1.0000	2.4783	0.40351	2.8219	3.9522	168.84	20.867	29.447	237.71	0.90911	9.3121	0.013402	vapor
137.33	1.0000	2.4721	0.40451	2.8289	3.9621	168.91	20.867	29.445	238.00	0.90524	9.3324	0.013432	vapor
137.67	1.0000	2.4660	0.40552	2.8359	3.9719	168.99	20.866	29.442	238.30	0.90140	9.3528	0.013462	vapor
138.00	1.0000	2.4599	0.40652	2.8429	3.9817	169.06	20.865	29.440	238.59	0.89759	9.3731	0.013492	vapor
138.33	1.0000	2.4538	0.40753	2.8499	3.9915	169.13	20.865	29.438	238.89	0.89380	9.3933	0.013522	vapor
138.67	1.0000	2.4478	0.40853	2.8569	4.0013	169.20	20.864	29.436	239.19	0.89004	9.4136	0.013552	vapor
139.00	1.0000	2.4418	0.40954	2.8639	4.0111	169.27	20.863	29.433	239.48	0.88630	9.4339	0.013582	vapor
139.33	1.0000	2.4358	0.41054	2.8709	4.0209	169.34	20.863	29.431	239.78	0.88260	9.4541	0.013611	vapor
139.67	1.0000	2.4299	0.41155	2.8779	4.0308	169.41	20.862	29.429	240.07	0.87891	9.4743	0.013641	vapor
140.00	1.0000	2.4239	0.41255	2.8849	4.0406	169.48	20.862	29.427	240.36	0.87525	9.4945	0.013671	vapor
140.33	1.0000	2.4181	0.41355	2.8919	4.0504	169.55	20.861	29.424	240.66	0.87162	9.5147	0.013700	vapor
140.67	1.0000	2.4122	0.41456	2.8989	4.0602	169.62	20.860	29.422	240.95	0.86801	9.5349	0.013730	vapor
141.00	1.0000	2.4064	0.41556	2.9058	4.0700	169.69	20.860	29.420	241.24	0.86442	9.5551	0.013760	vapor
141.33	1.0000	2.4006	0.41657	2.9128	4.0798	169.76	20.859	29.418	241.53	0.86086	9.5753	0.013789	vapor
141.67	1.0000	2.3948	0.41757	2.9198	4.0896	169.83	20.859	29.416	241.83	0.85732	9.5954	0.013819	vapor
142.00	1.0000	2.3891	0.41857	2.9268	4.0994	169.90	20.858	29.414	242.12	0.85380	9.6155	0.013848	vapor
142.33	1.0000	2.3834	0.41958	2.9338	4.1092	169.97	20.858	29.412	242.41	0.85031	9.6357	0.013878	vapor
142.67	1.0000	2.3777	0.42058	2.9408	4.1190	170.04	20.857	29.410	242.70	0.84684	9.6558	0.013907	vapor
143.00	1.0000	2.3720	0.42158	2.9478	4.1288	170.10	20.857	29.408	242.99	0.84339	9.6759	0.013937	vapor
143.33	1.0000	2.3664	0.42259	2.9548	4.1386	170.17	20.856	29.406	243.28	0.83997	9.6959	0.013966	vapor
143.67	1.0000	2.3608	0.42359	2.9618	4.1484	170.24	20.856	29.404	243.57	0.83657	9.7160	0.013996	vapor
144.00	1.0000	2.3552	0.42459	2.9688	4.1582	170.31	20.855	29.402	243.86	0.83319	9.7360	0.014025	vapor
144.33	1.0000	2.3496	0.42560	2.9758	4.1680	170.38	20.854	29.400	244.15	0.82983	9.7561	0.014054	vapor
144.67	1.0000	2.3441	0.42660	2.9828	4.1778	170.44	20.854	29.398	244.43	0.82650	9.7761	0.014084	vapor
145.00	1.0000	2.3386	0.42760	2.9898	4.1876	170.51	20.853	29.396	244.72	0.82318	9.7961	0.014113	vapor
145.33	1.0000	2.3331	0.42861	2.9967	4.1974	170.58	20.853	29.394	245.01	0.81989	9.8161	0.014142	vapor
145.67	1.0000	2.3277	0.42961	3.0037	4.2072	170.65	20.852	29.393	245.30	0.81662	9.8361	0.014171	vapor
146.00	1.0000	2.3223	0.43061	3.0107	4.2170	170.71	20.852	29.391	245.58	0.81337	9.8560	0.014201	vapor
146.33	1.0000	2.3169	0.43161	3.0177	4.2268	170.78	20.852	29.389	245.87	0.81014	9.8760	0.014230	vapor
146.67	1.0000	2.3115	0.43262	3.0247	4.2366	170.85	20.851	29.387	246.16	0.80693	9.8959	0.014259	vapor
147.00	1.0000	2.3062	0.43362	3.0317	4.2464	170.92	20.851	29.385	246.44	0.80374	9.9159	0.014288	vapor
147.33	1.0000	2.3009	0.43462	3.0387	4.2562	170.98	20.850	29.384	246.73	0.80057	9.9358	0.014317	vapor
147.67	1.0000	2.2956	0.43562	3.0457	4.2660	171.05	20.850	29.382	247.01	0.79742	9.9557	0.014346	vapor
148.00	1.0000	2.2903	0.43663	3.0526	4.2758	171.11	20.849	29.380	247.30	0.79429	9.9755	0.014376	vapor
148.33	1.0000	2.2850	0.43763	3.0596	4.2856	171.18	20.849	29.378	247.58	0.79118	9.9954	0.014405	vapor
148.67	1.0000	2.2798	0.43863	3.0666	4.2954	171.25	20.848	29.377	247.87	0.78809	10.015	0.014434	vapor
149.00	1.0000	2.2746	0.43963	3.0736	4.3052	171.31	20.848	29.375	248.15	0.78502	10.035	0.014463	vapor
149.33	1.0000	2.2695	0.44063	3.0806	4.3149	171.38	20.847	29.373	248.43	0.78196	10.055	0.014492	vapor
149.67	1.0000	2.2643	0.44163	3.0876	4.3247	171.44	20.847	29.372	248.72	0.77893	10.075	0.014521	vapor
150.00	1.0000	2.2592	0.44264	3.0946	4.3345	171.51	20.847	29.370	249.00	0.77591	10.095	0.014550	vapor
150.33	1.0000	2.2541	0.44364	3.1015	4.3443	171.57	20.846	29.369	249.28	0.77292	10.114	0.014578	vapor
150.67	1.0000	2.2490	0.44464	3.1085	4.3541	171.64	20.846	29.367	249.56	0.76994	10.134	0.014607	vapor
151.00	1.0000	2.2440	0.44564	3.1155	4.3639	171.70	20.845	29.365	249.85	0.76698	10.154	0.014636	vapor
151.33	1.0000	2.2389	0.44664	3.1225	4.3737	171.77	20.845	29.364	250.13	0.76404	10.174	0.014665	vapor
151.67	1.0000	2.2339	0.44764	3.1295	4.3835	171.83	20.845	29.362	250.41	0.76111	10.193	0.014694	vapor
152.00	1.0000	2.2289	0.44865	3.1364	4.3933	171.90	20.844	29.361	250.69	0.75821	10.213	0.014723	vapor
152.33	1.0000	2.2240	0.44965	3.1434	4.4030	171.96	20.844	29.359	250.97	0.75532	10.233	0.014751	vapor
152.67	1.0000	2.2190	0.45065	3.1504	4.4128	172.03	20.843	29.358	251.25	0.75245	10.253	0.014780	vapor
153.00	1.0000	2.2141	0.45165	3.1574	4.4226	172.09	20.843	29.356	251.53	0.74959	10.272	0.014809	vapor
153.33	1.0000	2.2092	0.45265	3.1644	4.4324	172.15	20.843	29.355	251.81	0.74675	10.292	0.014838	vapor
153.67	1.0000	2.2043	0.45365	3.1714	4.4422	172.22	20.842	29.353	252.09	0.74393	10.312	0.014866	vapor
154.00	1.0000	2.1995	0.45465	3.1783	4.4520	172.28	20.842	29.352	252.37	0.74113	10.331	0.014895	vapor
154.33	1.0000	2.1947	0.45565	3.1853	4.4618	172.34	20.842	29.350	252.64	0.73834	10.351	0.014924	vapor
154.67	1.0000	2.1898	0.45665	3.1923	4.4715	172.41	20.841	29.349	252.92	0.73557	10.370	0.014952	vapor
155.00	1.0000	2.1851	0.45765	3.1993	4.4813	172.47	20.841	29.347	253.20	0.73282	10.390	0.014981	vapor
155.33	1.0000	2.1803	0.45866	3.2063	4.4911	172.53	20.840	29.346	253.48	0.73008	10.410	0.015009	vapor
155.67	1.0000	2.1755	0.45966	3.2132	4.5009	172.60	20.840	29.345	253.75	0.72736	10.429	0.015038	vapor
156.00	1.0000	2.1708	0.46066	3.2202	4.5107	172.66	20.840	29.343	254.03	0.72465	10.449	0.015067	vapor
156.33	1.0000	2.1661	0.46166	3.2272	4.5204	172.72	20.839	29.342	254.31	0.72196	10.468	0.015095	vapor
156.67	1.0000	2.1614	0.46266	3.2342	4.5302	172.79	20.839	29.340	254.58	0.71929	10.488	0.015124	vapor
157.00	1.0000	2.1568	0.46366	3.2411	4.5400	172.85	20.839	29.339	254.86	0.71663	10.507	0.015152	vapor
157.33	1.0000	2.1521	0.46466	3.2481	4.5498	172.91	20.838	29.338	255.13	0.71398	10.527	0.015180	vapor
157.67	1.0000	2.1475	0.46566	3.2551	4.5596	172.97	20.838	29.336	255.41	0.71135	10.546	0.015209	vapor
158.00	1.0000	2.1429	0.46666	3.2621	4.5693	173.03	20.838	29.335	255.68	0.70874	10.566	0.015237	vapor
158.33	1.0000	2.1383	0.46766	3.2690	4.5791	173.10	20.837	29.334	255.96	0.70614	10.585	0.015266	vapor
158.67	1.0000	2.1337	0.46866	3.2760	4.5889	173.16	20.837	29.332	256.23	0.70356	10.605	0.015294	vapor
159.00	1.0000	2.1292	0.46966	3.2830	4.5987	173.22	20.837	29.331	256.51	0.70099	10.624	0.015322	vapor
159.33	1.0000	2.1247	0.47066	3.2900	4.6085	173.28	20.836	29.330	256.78	0.69844	10.644	0.015351	vapor
159.67	1.0000	2.1202	0.47166	3.2970	4.6182	173.34	20.836	29.329	257.05	0.69590	10.663	0.015379	vapor
160.00	1.0000	2.1157	0.47266	3.3039	4.6280	173.40	20.836	29.327	257.33	0.69337	10.683	0.015407	vapor
160.33	1.0000	2.1112	0.47366	3.3109	4.6378	173.46	20.836	29.326	257.60	0.69086	10.702	0.015435	vapor
160.67	1.0000	2.1068	0.47466	3.3179	4.6476	173.52	20.835	29.325	257.87	0.68836	10.721	0.015464	vapor
161.00	1.0000	2.1024	0.47566	3.3249	4.6573	173.59	20.835	29.324	258.14	0.68588	10.741	0.015492	vapor
161.33	1.0000	2.0979	0.47666	3.3318	4.6671	173.65	20.835	29.323	258.41	0.68341	10.760	0.015520	vapor
161.67	1.0000	2.0936	0.47766	3.3388	4.6769	173.71	20.834	29.321	258.68	0.68095	10.779	0.015548	vapor
162.00	1.0000	2.0892	0.47866	3.3458	4.6867	173.77	20.834	29.320	258.96	0.67851	10.799	0.015576	vapor
162.33	1.0000	2.0848	0.47966	3.3527	4.6964	173.83	20.834	29.319	259.23	0.67608	10.818	0.015604	vapor
162.67	1.0000	2.0805	0.48066	3.3597	4.7062	173.89	20.834	29.318	259.50	0.67367	10.837	0.015633	vapor
163.00	1.0000	2.0762	0.48165	3.3667	4.7160	173.95	20.833	29.317	259.77	0.67127	10.857	0.015661	vapor
163.33	1.0000	2.0719	0.48265	3.3737	4.7257	174.01	20.833	29.315	260.04	0.66888	10.876	0.015689	vapor
163.67	1.0000	2.0676	0.48365	3.3806	4.7355	174.07	20.833	29.314	260.31	0.66650	10.895	0.015717	vapor
164.00	1.0000	2.0633	0.48465	3.3876	4.7453	174.13	20.832	29.313	260.58	0.66414	10.914	0.015745	vapor
164.33	1.0000	2.0591	0.48565	3.3946	4.7551	174.19	20.832	29.312	260.84	0.66179	10.934	0.015773	vapor
164.67	1.0000	2.0549	0.48665	3.4016	4.7648	174.25	20.832	29.311	261.11	0.65945	10.953	0.015801	vapor
165.00	1.0000	2.0507	0.48765	3.4085	4.7746	174.30	20.832	29.310	261.38	0.65713	10.972	0.015829	vapor
165.33	1.0000	2.0465	0.48865	3.4155	4.7844	174.36	20.831	29.309	261.65	0.65482	10.991	0.015857	vapor
165.67	1.0000	2.0423	0.48965	3.4225	4.7941	174.42	20.831	29.308	261.92	0.65252	11.011	0.015885	vapor
166.00	1.0000	2.0381	0.49065	3.4294	4.8039	174.48	20.831	29.307	262.19	0.65023	11.030	0.015912	vapor
166.33	1.0000	2.0340	0.49165	3.4364	4.8137	174.54	20.831	29.306	262.45	0.64796	11.049	0.015940	vapor
166.67	1.0000	2.0299	0.49264	3.4434	4.8234	174.60	20.830	29.304	262.72	0.64570	11.068	0.015968	vapor
167.00	1.0000	2.0258	0.49364	3.4503	4.8332	174.66	20.830	29.303	262.99	0.64344	11.087	0.015996	vapor
167.33	1.0000	2.0217	0.49464	3.4573	4.8430	174.72	20.830	29.302	263.25	0.64121	11.106	0.016024	vapor
167.67	1.0000	2.0176	0.49564	3.4643	4.8527	174.77	20.830	29.301	263.52	0.63898	11.125	0.016052	vapor
168.00	1.0000	2.0135	0.49664	3.4713	4.8625	174.83	20.829	29.300	263.78	0.63677	11.145	0.016079	vapor
168.33	1.0000	2.0095	0.49764	3.4782	4.8723	174.89	20.829	29.299	264.05	0.63456	11.164	0.016107	vapor
168.67	1.0000	2.0055	0.49864	3.4852	4.8820	174.95	20.829	29.298	264.31	0.63237	11.183	0.016135	vapor
169.00	1.0000	2.0015	0.49964	3.4922	4.8918	175.01	20.829	29.297	264.58	0.63019	11.202	0.016163	vapor
169.33	1.0000	1.9975	0.50063	3.4991	4.9016	175.06	20.828	29.296	264.84	0.62803	11.221	0.016190	vapor
169.67	1.0000	1.9935	0.50163	3.5061	4.9113	175.12	20.828	29.295	265.11	0.62587	11.240	0.016218	vapor
170.00	1.0000	1.9895	0.50263	3.5131	4.9211	175.18	20.828	29.294	265.37	0.62372	11.259	0.016246	vapor
170.33	1.0000	1.9856	0.50363	3.5200	4.9309	175.24	20.828	29.293	265.64	0.62159	11.278	0.016273	vapor
170.67	1.0000	1.9817	0.50463	3.5270	4.9406	175.29	20.828	29.292	265.90	0.61947	11.297	0.016301	vapor
171.00	1.0000	1.9777	0.50563	3.5340	4.9504	175.35	20.827	29.291	266.16	0.61735	11.316	0.016328	vapor
171.33	1.0000	1.9739	0.50662	3.5409	4.9602	175.41	20.827	29.291	266.43	0.61525	11.335	0.016356	vapor
171.67	1.0000	1.9700	0.50762	3.5479	4.9699	175.47	20.827	29.290	266.69	0.61316	11.354	0.016384	vapor
172.00	1.0000	1.9661	0.50862	3.5549	4.9797	175.52	20.827	29.289	266.95	0.61108	11.373	0.016411	vapor
172.33	1.0000	1.9623	0.50962	3.5618	4.9895	175.58	20.827	29.288	267.21	0.60901	11.392	0.016439	vapor
172.67	1.0000	1.9584	0.51062	3.5688	4.9992	175.64	20.826	29.287	267.48	0.60695	11.411	0.016466	vapor
173.00	1.0000	1.9546	0.51161	3.5758	5.0090	175.69	20.826	29.286	267.74	0.60491	11.430	0.016494	vapor
173.33	1.0000	1.9508	0.51261	3.5827	5.0187	175.75	20.826	29.285	268.00	0.60287	11.449	0.016521	vapor
173.67	1.0000	1.9470	0.51361	3.5897	5.0285	175.80	20.826	29.284	268.26	0.60084	11.467	0.016548	vapor
174.00	1.0000	1.9432	0.51461	3.5967	5.0383	175.86	20.826	29.283	268.52	0.59883	11.486	0.016576	vapor
174.33	1.0000	1.9395	0.51561	3.6036	5.0480	175.92	20.825	29.282	268.78	0.59682	11.505	0.016603	vapor
174.67	1.0000	1.9357	0.51660	3.6106	5.0578	175.97	20.825	29.281	269.04	0.59482	11.524	0.016631	vapor
175.00	1.0000	1.9320	0.51760	3.6176	5.0675	176.03	20.825	29.281	269.30	0.59284	11.543	0.016658	vapor
175.33	1.0000	1.9283	0.51860	3.6245	5.0773	176.08	20.825	29.280	269.56	0.59086	11.562	0.016685	vapor
175.67	1.0000	1.9246	0.51960	3.6315	5.0871	176.14	20.825	29.279	269.82	0.58889	11.581	0.016713	vapor
176.00	1.0000	1.9209	0.52059	3.6385	5.0968	176.20	20.824	29.278	270.08	0.58694	11.599	0.016740	vapor
176.33	1.0000	1.9172	0.52159	3.6454	5.1066	176.25	20.824	29.277	270.34	0.58499	11.618	0.016767	vapor
176.67	1.0000	1.9136	0.52259	3.6524	5.1163	176.31	20.824	29.276	270.60	0.58305	11.637	0.016795	vapor
177.00	1.0000	1.9099	0.52359	3.6594	5.1261	176.36	20.824	29.275	270.86	0.58112	11.656	0.016822	vapor
177.33	1.0000	1.9063	0.52458	3.6663	5.1359	176.42	20.824	29.275	271.11	0.57921	11.675	0.016849	vapor
177.67	1.0000	1.9027	0.52558	3.6733	5.1456	176.47	20.823	29.274	271.37	0.57730	11.693	0.016876	vapor
178.00	1.0000	1.8991	0.52658	3.6802	5.1554	176.53	20.823	29.273	271.63	0.57540	11.712	0.016903	vapor
178.33	1.0000	1.8955	0.52758	3.6872	5.1651	176.58	20.823	29.272	271.89	0.57351	11.731	0.016931	vapor
178.67	1.0000	1.8919	0.52857	3.6942	5.1749	176.64	20.823	29.271	272.14	0.57163	11.749	0.016958	vapor
179.00	1.0000	1.8883	0.52957	3.7011	5.1846	176.69	20.823	29.271	272.40	0.56975	11.768	0.016985	vapor
179.33	1.0000	1.8848	0.53057	3.7081	5.1944	176.74	20.823	29.270	272.66	0.56789	11.787	0.017012	vapor
179.67	1.0000	1.8812	0.53156	3.7151	5.2042	176.80	20.822	29.269	272.91	0.56604	11.806	0.017039	vapor
180.00	1.0000	1.8777	0.53256	3.7220	5.2139	176.85	20.822	29.268	273.17	0.56419	11.824	0.017066	vapor
180.33	1.0000	1.8742	0.53356	3.7290	5.2237	176.91	20.822	29.268	273.43	0.56236	11.843	0.017093	vapor
180.67	1.0000	1.8707	0.53456	3.7360	5.2334	176.96	20.822	29.267	273.68	0.56053	11.862	0.017120	vapor
181.00	1.0000	1.8672	0.53555	3.7429	5.2432	177.02	20.822	29.266	273.94	0.55871	11.880	0.017147	vapor
181.33	1.0000	1.8638	0.53655	3.7499	5.2529	177.07	20.822	29.265	274.19	0.55691	11.899	0.017174	vapor
181.67	1.0000	1.8603	0.53755	3.7568	5.2627	177.12	20.821	29.264	274.45	0.55511	11.917	0.017201	vapor
182.00	1.0000	1.8569	0.53854	3.7638	5.2725	177.18	20.821	29.264	274.70	0.55331	11.936	0.017228	vapor
182.33	1.0000	1.8534	0.53954	3.7708	5.2822	177.23	20.821	29.263	274.96	0.55153	11.955	0.017255	vapor
182.67	1.0000	1.8500	0.54054	3.7777	5.2920	177.28	20.821	29.262	275.21	0.54976	11.973	0.017282	vapor
183.00	1.0000	1.8466	0.54153	3.7847	5.3017	177.34	20.821	29.262	275.46	0.54799	11.992	0.017309	vapor
183.33	1.0000	1.8432	0.54253	3.7916	5.3115	177.39	20.821	29.261	275.72	0.54623	12.010	0.017336	vapor
183.67	1.0000	1.8398	0.54353	3.7986	5.3212	177.44	20.820	29.260	275.97	0.54448	12.029	0.017363	vapor
184.00	1.0000	1.8365	0.54453	3.8056	5.3310	177.50	20.820	29.259	276.23	0.54274	12.047	0.017390	vapor
184.33	1.0000	1.8331	0.54552	3.8125	5.3407	177.55	20.820	29.259	276.48	0.54101	12.066	0.017417	vapor
184.67	1.0000	1.8298	0.54652	3.8195	5.3505	177.60	20.820	29.258	276.73	0.53928	12.084	0.017444	vapor
185.00	1.0000	1.8264	0.54752	3.8265	5.3602	177.66	20.820	29.257	276.98	0.53757	12.103	0.017470	vapor
185.33	1.0000	1.8231	0.54851	3.8334	5.3700	177.71	20.820	29.257	277.24	0.53586	12.121	0.017497	vapor
185.67	1.0000	1.8198	0.54951	3.8404	5.3797	177.76	20.820	29.256	277.49	0.53416	12.140	0.017524	vapor
186.00	1.0000	1.8165	0.55050	3.8473	5.3895	177.81	20.819	29.255	277.74	0.53246	12.158	0.017551	vapor
186.33	1.0000	1.8132	0.55150	3.8543	5.3992	177.87	20.819	29.255	277.99	0.53078	12.177	0.017577	vapor
186.67	1.0000	1.8100	0.55250	3.8613	5.4090	177.92	20.819	29.254	278.24	0.52910	12.195	0.017604	vapor
187.00	1.0000	1.8067	0.55349	3.8682	5.4187	177.97	20.819	29.253	278.49	0.52743	12.214	0.017631	vapor
187.33	1.0000	1.8035	0.55449	3.8752	5.4285	178.02	20.819	29.253	278.74	0.52577	12.232	0.017658	vapor
187.67	1.0000	1.8002	0.55549	3.8821	5.4382	178.07	20.819	29.252	278.99	0.52412	12.250	0.017684	vapor
188.00	1.0000	1.7970	0.55648	3.8891	5.4480	178.13	20.819	29.251	279.24	0.52247	12.269	0.017711	vapor
188.33	1.0000	1.7938	0.55748	3.8960	5.4577	178.18	20.819	29.251	279.49	0.52083	12.287	0.017738	vapor
188.67	1.0000	1.7906	0.55848	3.9030	5.4675	178.23	20.818	29.250	279.74	0.51920	12.306	0.017764	vapor
189.00	1.0000	1.7874	0.55947	3.9100	5.4772	178.28	20.818	29.249	279.99	0.51757	12.324	0.017791	vapor
189.33	1.0000	1.7842	0.56047	3.9169	5.4870	178.33	20.818	29.249	280.24	0.51596	12.342	0.017817	vapor
189.67	1.0000	1.7811	0.56146	3.9239	5.4967	178.38	20.818	29.248	280.49	0.51435	12.361	0.017844	vapor
190.00	1.0000	1.7779	0.56246	3.9308	5.5065	178.44	20.818	29.247	280.74	0.51275	12.379	0.017870	vapor
190.33	1.0000	1.7748	0.56346	3.9378	5.5162	178.49	20.818	29.247	280.99	0.51115	12.397	0.017897	vapor
190.67	1.0000	1.7716	0.56445	3.9448	5.5260	178.54	20.818	29.246	281.24	0.50956	12.416	0.017924	vapor
191.00	1.0000	1.7685	0.56545	3.9517	5.5357	178.59	20.818	29.246	281.49	0.50798	12.434	0.017950	vapor
191.33	1.0000	1.7654	0.56645	3.9587	5.5455	178.64	20.817	29.245	281.73	0.50641	12.452	0.017976	vapor
191.67	1.0000	1.7623	0.56744	3.9656	5.5552	178.69	20.817	29.244	281.98	0.50485	12.470	0.018003	vapor
192.00	1.0000	1.7592	0.56844	3.9726	5.5650	178.74	20.817	29.244	282.23	0.50329	12.489	0.018029	vapor
192.33	1.0000	1.7561	0.56943	3.9796	5.5747	178.79	20.817	29.243	282.48	0.50173	12.507	0.018056	vapor
192.67	1.0000	1.7531	0.57043	3.9865	5.5845	178.84	20.817	29.243	282.72	0.50019	12.525	0.018082	vapor
193.00	1.0000	1.7500	0.57143	3.9935	5.5942	178.89	20.817	29.242	282.97	0.49865	12.543	0.018109	vapor
193.33	1.0000	1.7470	0.57242	4.0004	5.6040	178.94	20.817	29.241	283.22	0.49712	12.562	0.018135	vapor
193.67	1.0000	1.7439	0.57342	4.0074	5.6137	178.99	20.817	29.241	283.46	0.49559	12.580	0.018161	vapor
194.00	1.0000	1.7409	0.57441	4.0143	5.6235	179.04	20.816	29.240	283.71	0.49408	12.598	0.018188	vapor
194.33	1.0000	1.7379	0.57541	4.0213	5.6332	179.09	20.816	29.240	283.96	0.49256	12.616	0.018214	vapor
194.67	1.0000	1.7349	0.57640	4.0283	5.6430	179.14	20.816	29.239	284.20	0.49106	12.634	0.018240	vapor
195.00	1.0000	1.7319	0.57740	4.0352	5.6527	179.19	20.816	29.239	284.45	0.48956	12.652	0.018267	vapor
195.33	1.0000	1.7289	0.57840	4.0422	5.6625	179.24	20.816	29.238	284.69	0.48807	12.671	0.018293	vapor
195.67	1.0000	1.7259	0.57939	4.0491	5.6722	179.29	20.816	29.237	284.94	0.48658	12.689	0.018319	vapor
196.00	1.0000	1.7230	0.58039	4.0561	5.6819	179.34	20.816	29.237	285.18	0.48511	12.707	0.018345	vapor
196.33	1.0000	1.7200	0.58138	4.0630	5.6917	179.39	20.816	29.236	285.43	0.48363	12.725	0.018372	vapor
196.67	1.0000	1.7171	0.58238	4.0700	5.7014	179.44	20.816	29.236	285.67	0.48217	12.743	0.018398	vapor
197.00	1.0000	1.7142	0.58337	4.0769	5.7112	179.49	20.815	29.235	285.92	0.48071	12.761	0.018424	vapor
197.33	1.0000	1.7112	0.58437	4.0839	5.7209	179.54	20.815	29.235	286.16	0.47926	12.779	0.018450	vapor
197.67	1.0000	1.7083	0.58537	4.0909	5.7307	179.59	20.815	29.234	286.40	0.47781	12.797	0.018476	vapor
198.00	1.0000	1.7054	0.58636	4.0978	5.7404	179.64	20.815	29.234	286.65	0.47637	12.815	0.018503	vapor
198.33	1.0000	1.7025	0.58736	4.1048	5.7502	179.69	20.815	29.233	286.89	0.47493	12.833	0.018529	vapor
198.67	1.0000	1.6997	0.58835	4.1117	5.7599	179.74	20.815	29.233	287.13	0.47351	12.851	0.018555	vapor
199.00	1.0000	1.6968	0.58935	4.1187	5.7696	179.79	20.815	29.232	287.38	0.47208	12.870	0.018581	vapor
199.33	1.0000	1.6939	0.59034	4.1256	5.7794	179.84	20.815	29.232	287.62	0.47067	12.888	0.018607	vapor
199.67	1.0000	1.6911	0.59134	4.1326	5.7891	179.89	20.815	29.231	287.86	0.46926	12.906	0.018633	vapor
200.00	1.0000	1.6882	0.59233	4.1395	5.7989	179.93	20.815	29.230	288.11	0.46785	12.924	0.018659	vapor
200.33	1.0000	1.6854	0.59333	4.1465	5.8086	179.98	20.815	29.230	288.35	0.46646	12.942	0.018685	vapor
200.67	1.0000	1.6826	0.59432	4.1535	5.8184	180.03	20.814	29.229	288.59	0.46506	12.959	0.018711	vapor
201.00	1.0000	1.6798	0.59532	4.1604	5.8281	180.08	20.814	29.229	288.83	0.46368	12.977	0.018737	vapor
201.33	1.0000	1.6770	0.59631	4.1674	5.8379	180.13	20.814	29.228	289.07	0.46230	12.995	0.018763	vapor
201.67	1.0000	1.6742	0.59731	4.1743	5.8476	180.18	20.814	29.228	289.31	0.46092	13.013	0.018789	vapor
202.00	1.0000	1.6714	0.59831	4.1813	5.8573	180.23	20.814	29.228	289.55	0.45955	13.031	0.018815	vapor
202.33	1.0000	1.6686	0.59930	4.1882	5.8671	180.27	20.814	29.227	289.80	0.45819	13.049	0.018841	vapor
202.67	1.0000	1.6658	0.60030	4.1952	5.8768	180.32	20.814	29.227	290.04	0.45683	13.067	0.018867	vapor
203.00	1.0000	1.6631	0.60129	4.2021	5.8866	180.37	20.814	29.226	290.28	0.45548	13.085	0.018893	vapor
203.33	1.0000	1.6603	0.60229	4.2091	5.8963	180.42	20.814	29.226	290.52	0.45414	13.103	0.018919	vapor
203.67	1.0000	1.6576	0.60328	4.2160	5.9060	180.47	20.814	29.225	290.76	0.45280	13.121	0.018945	vapor
204.00	1.0000	1.6549	0.60428	4.2230	5.9158	180.51	20.814	29.225	291.00	0.45146	13.139	0.018971	vapor
204.33	1.0000	1.6522	0.60527	4.2300	5.9255	180.56	20.813	29.224	291.24	0.45013	13.156	0.018996	vapor
204.67	1.0000	1.6494	0.60627	4.2369	5.9353	180.61	20.813	29.224	291.48	0.44881	13.174	0.019022	vapor
205.00	1.0000	1.6467	0.60726	4.2439	5.9450	180.66	20.813	29.223	291.71	0.44749	13.192	0.019048	vapor
205.33	1.0000	1.6440	0.60826	4.2508	5.9548	180.70	20.813	29.223	291.95	0.44618	13.210	0.019074	vapor
205.67	1.0000	1.6414	0.60925	4.2578	5.9645	180.75	20.813	29.222	292.19	0.44487	13.228	0.019100	vapor
206.00	1.0000	1.6387	0.61025	4.2647	5.9742	180.80	20.813	29.222	292.43	0.44357	13.246	0.019125	vapor
206.33	1.0000	1.6360	0.61124	4.2717	5.9840	180.85	20.813	29.221	292.67	0.44227	13.263	0.019151	vapor
206.67	1.0000	1.6334	0.61224	4.2786	5.9937	180.89	20.813	29.221	292.91	0.44098	13.281	0.019177	vapor
207.00	1.0000	1.6307	0.61323	4.2856	6.0035	180.94	20.813	29.221	293.15	0.43969	13.299	0.019203	vapor
207.33	1.0000	1.6281	0.61423	4.2925	6.0132	180.99	20.813	29.220	293.38	0.43841	13.317	0.019228	vapor
207.67	1.0000	1.6254	0.61522	4.2995	6.0229	181.03	20.813	29.220	293.62	0.43714	13.334	0.019254	vapor
208.00	1.0000	1.6228	0.61622	4.3064	6.0327	181.08	20.813	29.219	293.86	0.43587	13.352	0.019280	vapor
208.33	1.0000	1.6202	0.61721	4.3134	6.0424	181.13	20.813	29.219	294.10	0.43460	13.370	0.019305	vapor
208.67	1.0000	1.6176	0.61820	4.3203	6.0522	181.17	20.812	29.218	294.33	0.43334	13.388	0.019331	vapor
209.00	1.0000	1.6150	0.61920	4.3273	6.0619	181.22	20.812	29.218	294.57	0.43209	13.405	0.019357	vapor
209.33	1.0000	1.6124	0.62019	4.3343	6.0716	181.27	20.812	29.217	294.81	0.43083	13.423	0.019382	vapor
209.67	1.0000	1.6098	0.62119	4.3412	6.0814	181.31	20.812	29.217	295.04	0.42959	13.441	0.019408	vapor
210.00	1.0000	1.6072	0.62218	4.3482	6.0911	181.36	20.812	29.217	295.28	0.42835	13.458	0.019433	vapor
210.33	1.0000	1.6047	0.62318	4.3551	6.1009	181.41	20.812	29.216	295.51	0.42711	13.476	0.019459	vapor
210.67	1.0000	1.6021	0.62417	4.3621	6.1106	181.45	20.812	29.216	295.75	0.42588	13.494	0.019484	vapor
211.00	1.0000	1.5996	0.62517	4.3690	6.1203	181.50	20.812	29.215	295.99	0.42466	13.511	0.019510	vapor
211.33	1.0000	1.5970	0.62616	4.3760	6.1301	181.55	20.812	29.215	296.22	0.42344	13.529	0.019535	vapor
211.67	1.0000	1.5945	0.62716	4.3829	6.1398	181.59	20.812	29.215	296.46	0.42222	13.547	0.019561	vapor
212.00	1.0000	1.5920	0.62815	4.3899	6.1495	181.64	20.812	29.214	296.69	0.42101	13.564	0.019586	vapor
212.33	1.0000	1.5895	0.62915	4.3968	6.1593	181.68	20.812	29.214	296.93	0.41981	13.582	0.019612	vapor
212.67	1.0000	1.5869	0.63014	4.4038	6.1690	181.73	20.812	29.213	297.16	0.41860	13.599	0.019637	vapor
213.00	1.0000	1.5844	0.63114	4.4107	6.1788	181.78	20.812	29.213	297.40	0.41741	13.617	0.019663	vapor
213.33	1.0000	1.5820	0.63213	4.4177	6.1885	181.82	20.811	29.213	297.63	0.41622	13.635	0.019688	vapor
213.67	1.0000	1.5795	0.63312	4.4246	6.1982	181.87	20.811	29.212	297.86	0.41503	13.652	0.019714	vapor
214.00	1.0000	1.5770	0.63412	4.4316	6.2080	181.91	20.811	29.212	298.10	0.41385	13.670	0.019739	vapor
214.33	1.0000	1.5745	0.63511	4.4385	6.2177	181.96	20.811	29.211	298.33	0.41267	13.687	0.019764	vapor
214.67	1.0000	1.5721	0.63611	4.4455	6.2274	182.00	20.811	29.211	298.56	0.41150	13.705	0.019790	vapor
215.00	1.0000	1.5696	0.63710	4.4524	6.2372	182.05	20.811	29.211	298.80	0.41033	13.722	0.019815	vapor
215.33	1.0000	1.5672	0.63810	4.4594	6.2469	182.09	20.811	29.210	299.03	0.40916	13.740	0.019840	vapor
215.67	1.0000	1.5647	0.63909	4.4663	6.2567	182.14	20.811	29.210	299.26	0.40800	13.757	0.019866	vapor
216.00	1.0000	1.5623	0.64008	4.4733	6.2664	182.18	20.811	29.210	299.50	0.40685	13.775	0.019891	vapor
216.33	1.0000	1.5599	0.64108	4.4802	6.2761	182.23	20.811	29.209	299.73	0.40570	13.792	0.019916	vapor
216.67	1.0000	1.5575	0.64207	4.4872	6.2859	182.27	20.811	29.209	299.96	0.40455	13.810	0.019942	vapor
217.00	1.0000	1.5550	0.64307	4.4941	6.2956	182.32	20.811	29.208	300.19	0.40341	13.827	0.019967	vapor
217.33	1.0000	1.5526	0.64406	4.5011	6.3053	182.36	20.811	29.208	300.43	0.40227	13.845	0.019992	vapor
217.67	1.0000	1.5503	0.64506	4.5080	6.3151	182.41	20.811	29.208	300.66	0.40114	13.862	0.020017	vapor
218.00	1.0000	1.5479	0.64605	4.5150	6.3248	182.45	20.811	29.207	300.89	0.40001	13.880	0.020043	vapor
218.33	1.0000	1.5455	0.64704	4.5219	6.3345	182.50	20.811	29.207	301.12	0.39889	13.897	0.020068	vapor
218.67	1.0000	1.5431	0.64804	4.5289	6.3443	182.54	20.811	29.207	301.35	0.39777	13.914	0.020093	vapor
219.00	1.0000	1.5408	0.64903	4.5358	6.3540	182.59	20.811	29.206	301.58	0.39665	13.932	0.020118	vapor
219.33	1.0000	1.5384	0.65003	4.5428	6.3638	182.63	20.810	29.206	301.81	0.39554	13.949	0.020143	vapor
219.67	1.0000	1.5360	0.65102	4.5497	6.3735	182.68	20.810	29.206	302.05	0.39443	13.967	0.020169	vapor
220.00	1.0000	1.5337	0.65202	4.5567	6.3832	182.72	20.810	29.205	302.28	0.39333	13.984	0.020194	vapor
220.33	1.0000	1.5314	0.65301	4.5636	6.3930	182.76	20.810	29.205	302.51	0.39223	14.001	0.020219	vapor
220.67	1.0000	1.5290	0.65400	4.5706	6.4027	182.81	20.810	29.205	302.74	0.39113	14.019	0.020244	vapor
221.00	1.0000	1.5267	0.65500	4.5775	6.4124	182.85	20.810	29.204	302.97	0.39004	14.036	0.020269	vapor
221.33	1.0000	1.5244	0.65599	4.5845	6.4222	182.90	20.810	29.204	303.20	0.38896	14.053	0.020294	vapor
221.67	1.0000	1.5221	0.65699	4.5914	6.4319	182.94	20.810	29.204	303.43	0.38787	14.071	0.020319	vapor
222.00	1.0000	1.5198	0.65798	4.5984	6.4416	182.98	20.810	29.203	303.66	0.38680	14.088	0.020344	vapor
222.33	1.0000	1.5175	0.65897	4.6053	6.4514	183.03	20.810	29.203	303.88	0.38572	14.105	0.020369	vapor
222.67	1.0000	1.5152	0.65997	4.6123	6.4611	183.07	20.810	29.203	304.11	0.38465	14.123	0.020394	vapor
223.00	1.0000	1.5129	0.66096	4.6192	6.4708	183.12	20.810	29.202	304.34	0.38358	14.140	0.020419	vapor
223.33	1.0000	1.5107	0.66196	4.6262	6.4806	183.16	20.810	29.202	304.57	0.38252	14.157	0.020444	vapor
223.67	1.0000	1.5084	0.66295	4.6331	6.4903	183.20	20.810	29.202	304.80	0.38146	14.174	0.020469	vapor
224.00	1.0000	1.5062	0.66394	4.6401	6.5000	183.25	20.810	29.201	305.03	0.38041	14.192	0.020494	vapor
224.33	1.0000	1.5039	0.66494	4.6470	6.5098	183.29	20.810	29.201	305.26	0.37936	14.209	0.020519	vapor
224.67	1.0000	1.5017	0.66593	4.6540	6.5195	183.33	20.810	29.201	305.48	0.37831	14.226	0.020544	vapor
225.00	1.0000	1.4994	0.66693	4.6609	6.5292	183.38	20.810	29.200	305.71	0.37727	14.243	0.020569	vapor
225.33	1.0000	1.4972	0.66792	4.6679	6.5390	183.42	20.810	29.200	305.94	0.37623	14.261	0.020594	vapor
225.67	1.0000	1.4950	0.66891	4.6748	6.5487	183.46	20.810	29.200	306.17	0.37519	14.278	0.020619	vapor
226.00	1.0000	1.4927	0.66991	4.6818	6.5584	183.51	20.810	29.199	306.39	0.37416	14.295	0.020644	vapor
226.33	1.0000	1.4905	0.67090	4.6887	6.5682	183.55	20.810	29.199	306.62	0.37313	14.312	0.020668	vapor
226.67	1.0000	1.4883	0.67189	4.6957	6.5779	183.59	20.810	29.199	306.85	0.37211	14.329	0.020693	vapor
227.00	1.0000	1.4861	0.67289	4.7026	6.5876	183.63	20.809	29.199	307.08	0.37109	14.347	0.020718	vapor
227.33	1.0000	1.4839	0.67388	4.7096	6.5974	183.68	20.809	29.198	307.30	0.37007	14.364	0.020743	vapor
227.67	1.0000	1.4818	0.67488	4.7165	6.6071	183.72	20.809	29.198	307.53	0.36906	14.381	0.020768	vapor
228.00	1.0000	1.4796	0.67587	4.7235	6.6168	183.76	20.809	29.198	307.76	0.36805	14.398	0.020792	vapor
228.33	1.0000	1.4774	0.67686	4.7304	6.6266	183.81	20.809	29.197	307.98	0.36705	14.415	0.020817	vapor
228.67	1.0000	1.4752	0.67786	4.7374	6.6363	183.85	20.809	29.197	308.21	0.36605	14.432	0.020842	vapor
229.00	1.0000	1.4731	0.67885	4.7443	6.6460	183.89	20.809	29.197	308.43	0.36505	14.449	0.020867	vapor
229.33	1.0000	1.4709	0.67984	4.7513	6.6558	183.93	20.809	29.196	308.66	0.36405	14.466	0.020891	vapor
229.67	1.0000	1.4688	0.68084	4.7582	6.6655	183.98	20.809	29.196	308.88	0.36306	14.484	0.020916	vapor
230.00	1.0000	1.4666	0.68183	4.7652	6.6752	184.02	20.809	29.196	309.11	0.36207	14.501	0.020941	vapor
230.33	1.0000	1.4645	0.68283	4.7721	6.6850	184.06	20.809	29.196	309.33	0.36109	14.518	0.020966	vapor
230.67	1.0000	1.4624	0.68382	4.7791	6.6947	184.10	20.809	29.195	309.56	0.36011	14.535	0.020990	vapor
231.00	1.0000	1.4603	0.68481	4.7860	6.7044	184.14	20.809	29.195	309.78	0.35913	14.552	0.021015	vapor
231.33	1.0000	1.4581	0.68581	4.7930	6.7142	184.19	20.809	29.195	310.01	0.35816	14.569	0.021040	vapor
231.67	1.0000	1.4560	0.68680	4.7999	6.7239	184.23	20.809	29.194	310.23	0.35719	14.586	0.021064	vapor
232.00	1.0000	1.4539	0.68779	4.8069	6.7336	184.27	20.809	29.194	310.46	0.35622	14.603	0.021089	vapor
232.33	1.0000	1.4518	0.68879	4.8138	6.7433	184.31	20.809	29.194	310.68	0.35526	14.620	0.021113	vapor
232.67	1.0000	1.4497	0.68978	4.8208	6.7531	184.35	20.809	29.194	310.91	0.35430	14.637	0.021138	vapor
233.00	1.0000	1.4477	0.69077	4.8277	6.7628	184.40	20.809	29.193	311.13	0.35334	14.654	0.021163	vapor
233.33	1.0000	1.4456	0.69177	4.8347	6.7725	184.44	20.809	29.193	311.35	0.35239	14.671	0.021187	vapor
233.67	1.0000	1.4435	0.69276	4.8416	6.7823	184.48	20.809	29.193	311.58	0.35144	14.688	0.021212	vapor
234.00	1.0000	1.4414	0.69375	4.8486	6.7920	184.52	20.809	29.193	311.80	0.35050	14.705	0.021236	vapor
234.33	1.0000	1.4394	0.69475	4.8555	6.8017	184.56	20.809	29.192	312.02	0.34955	14.722	0.021261	vapor
234.67	1.0000	1.4373	0.69574	4.8625	6.8115	184.60	20.809	29.192	312.25	0.34861	14.739	0.021285	vapor
235.00	1.0000	1.4353	0.69673	4.8694	6.8212	184.65	20.809	29.192	312.47	0.34768	14.756	0.021310	vapor
235.33	1.0000	1.4332	0.69773	4.8763	6.8309	184.69	20.809	29.192	312.69	0.34674	14.773	0.021334	vapor
235.67	1.0000	1.4312	0.69872	4.8833	6.8407	184.73	20.809	29.191	312.91	0.34581	14.790	0.021359	vapor
236.00	1.0000	1.4292	0.69971	4.8902	6.8504	184.77	20.809	29.191	313.14	0.34489	14.807	0.021383	vapor
236.33	1.0000	1.4271	0.70071	4.8972	6.8601	184.81	20.809	29.191	313.36	0.34397	14.823	0.021408	vapor
236.67	1.0000	1.4251	0.70170	4.9041	6.8698	184.85	20.809	29.191	313.58	0.34304	14.840	0.021432	vapor
237.00	1.0000	1.4231	0.70269	4.9111	6.8796	184.89	20.809	29.190	313.80	0.34213	14.857	0.021457	vapor
237.33	1.0000	1.4211	0.70369	4.9180	6.8893	184.93	20.809	29.190	314.02	0.34121	14.874	0.021481	vapor
237.67	1.0000	1.4191	0.70468	4.9250	6.8990	184.97	20.809	29.190	314.25	0.34030	14.891	0.021505	vapor
238.00	1.0000	1.4171	0.70567	4.9319	6.9088	185.02	20.809	29.190	314.47	0.33940	14.908	0.021530	vapor
238.33	1.0000	1.4151	0.70667	4.9389	6.9185	185.06	20.809	29.189	314.69	0.33849	14.925	0.021554	vapor
238.67	1.0000	1.4131	0.70766	4.9458	6.9282	185.10	20.809	29.189	314.91	0.33759	14.942	0.021578	vapor
239.00	1.0000	1.4111	0.70865	4.9528	6.9380	185.14	20.809	29.189	315.13	0.33669	14.958	0.021603	vapor
239.33	1.0000	1.4091	0.70965	4.9597	6.9477	185.18	20.809	29.189	315.35	0.33580	14.975	0.021627	vapor
239.67	1.0000	1.4072	0.71064	4.9667	6.9574	185.22	20.809	29.188	315.57	0.33491	14.992	0.021651	vapor
240.00	1.0000	1.4052	0.71163	4.9736	6.9671	185.26	20.809	29.188	315.79	0.33402	15.009	0.021676	vapor
240.33	1.0000	1.4033	0.71263	4.9806	6.9769	185.30	20.809	29.188	316.01	0.33313	15.026	0.021700	vapor
240.67	1.0000	1.4013	0.71362	4.9875	6.9866	185.34	20.809	29.188	316.23	0.33225	15.042	0.021724	vapor
241.00	1.0000	1.3994	0.71461	4.9945	6.9963	185.38	20.809	29.188	316.45	0.33137	15.059	0.021749	vapor
241.33	1.0000	1.3974	0.71561	5.0014	7.0061	185.42	20.809	29.187	316.67	0.33049	15.076	0.021773	vapor
241.67	1.0000	1.3955	0.71660	5.0083	7.0158	185.46	20.808	29.187	316.89	0.32962	15.093	0.021797	vapor
242.00	1.0000	1.3935	0.71759	5.0153	7.0255	185.50	20.808	29.187	317.11	0.32875	15.109	0.021821	vapor
242.33	1.0000	1.3916	0.71859	5.0222	7.0352	185.54	20.808	29.187	317.33	0.32788	15.126	0.021845	vapor
242.67	1.0000	1.3897	0.71958	5.0292	7.0450	185.58	20.808	29.186	317.55	0.32701	15.143	0.021870	vapor
243.00	1.0000	1.3878	0.72057	5.0361	7.0547	185.62	20.808	29.186	317.77	0.32615	15.160	0.021894	vapor
243.33	1.0000	1.3859	0.72157	5.0431	7.0644	185.66	20.808	29.186	317.99	0.32529	15.176	0.021918	vapor
243.67	1.0000	1.3840	0.72256	5.0500	7.0742	185.70	20.808	29.186	318.20	0.32444	15.193	0.021942	vapor
244.00	1.0000	1.3821	0.72355	5.0570	7.0839	185.74	20.808	29.186	318.42	0.32358	15.210	0.021966	vapor
244.33	1.0000	1.3802	0.72454	5.0639	7.0936	185.78	20.808	29.185	318.64	0.32273	15.226	0.021990	vapor
244.67	1.0000	1.3783	0.72554	5.0709	7.1033	185.82	20.808	29.185	318.86	0.32189	15.243	0.022015	vapor
245.00	1.0000	1.3764	0.72653	5.0778	7.1131	185.86	20.808	29.185	319.08	0.32104	15.260	0.022039	vapor
245.33	1.0000	1.3745	0.72752	5.0848	7.1228	185.90	20.808	29.185	319.30	0.32020	15.276	0.022063	vapor
245.67	1.0000	1.3727	0.72852	5.0917	7.1325	185.94	20.808	29.185	319.51	0.31936	15.293	0.022087	vapor
246.00	1.0000	1.3708	0.72951	5.0987	7.1423	185.98	20.808	29.184	319.73	0.31852	15.310	0.022111	vapor
246.33	1.0000	1.3689	0.73050	5.1056	7.1520	186.02	20.808	29.184	319.95	0.31769	15.326	0.022135	vapor
246.67	1.0000	1.3671	0.73150	5.1125	7.1617	186.06	20.808	29.184	320.17	0.31686	15.343	0.022159	vapor
247.00	1.0000	1.3652	0.73249	5.1195	7.1714	186.10	20.808	29.184	320.38	0.31603	15.360	0.022183	vapor
247.33	1.0000	1.3634	0.73348	5.1264	7.1812	186.14	20.808	29.184	320.60	0.31520	15.376	0.022207	vapor
247.67	1.0000	1.3615	0.73447	5.1334	7.1909	186.18	20.808	29.183	320.82	0.31438	15.393	0.022231	vapor
248.00	1.0000	1.3597	0.73547	5.1403	7.2006	186.22	20.808	29.183	321.03	0.31356	15.409	0.022255	vapor
248.33	1.0000	1.3578	0.73646	5.1473	7.2104	186.26	20.808	29.183	321.25	0.31274	15.426	0.022279	vapor
248.67	1.0000	1.3560	0.73745	5.1542	7.2201	186.30	20.808	29.183	321.47	0.31193	15.443	0.022303	vapor
249.00	1.0000	1.3542	0.73845	5.1612	7.2298	186.33	20.808	29.183	321.68	0.31112	15.459	0.022327	vapor
249.33	1.0000	1.3524	0.73944	5.1681	7.2395	186.37	20.808	29.182	321.90	0.31031	15.476	0.022351	vapor
249.67	1.0000	1.3506	0.74043	5.1751	7.2493	186.41	20.808	29.182	322.11	0.30950	15.492	0.022375	vapor
250.00	1.0000	1.3488	0.74143	5.1820	7.2590	186.45	20.808	29.182	322.33	0.30870	15.509	0.022399	vapor
250.33	1.0000	1.3470	0.74242	5.1890	7.2687	186.49	20.808	29.182	322.55	0.30790	15.525	0.022423	vapor
250.67	1.0000	1.3452	0.74341	5.1959	7.2784	186.53	20.808	29.182	322.76	0.30710	15.542	0.022447	vapor
251.00	1.0000	1.3434	0.74440	5.2028	7.2882	186.57	20.808	29.182	322.98	0.30630	15.558	0.022471	vapor
251.33	1.0000	1.3416	0.74540	5.2098	7.2979	186.61	20.808	29.181	323.19	0.30551	15.575	0.022494	vapor
251.67	1.0000	1.3398	0.74639	5.2167	7.3076	186.65	20.809	29.181	323.41	0.30472	15.591	0.022518	vapor
252.00	1.0000	1.3380	0.74738	5.2237	7.3174	186.68	20.809	29.181	323.62	0.30393	15.608	0.022542	vapor
252.33	1.0000	1.3362	0.74837	5.2306	7.3271	186.72	20.809	29.181	323.84	0.30314	15.624	0.022566	vapor
252.67	1.0000	1.3345	0.74937	5.2376	7.3368	186.76	20.809	29.181	324.05	0.30236	15.641	0.022590	vapor
253.00	1.0000	1.3327	0.75036	5.2445	7.3465	186.80	20.809	29.180	324.27	0.30158	15.657	0.022614	vapor
253.33	1.0000	1.3309	0.75135	5.2515	7.3563	186.84	20.809	29.180	324.48	0.30080	15.674	0.022637	vapor
253.67	1.0000	1.3292	0.75235	5.2584	7.3660	186.88	20.809	29.180	324.69	0.30002	15.690	0.022661	vapor
254.00	1.0000	1.3274	0.75334	5.2654	7.3757	186.91	20.809	29.180	324.91	0.29925	15.707	0.022685	vapor
254.33	1.0000	1.3257	0.75433	5.2723	7.3854	186.95	20.809	29.180	325.12	0.29848	15.723	0.022709	vapor
254.67	1.0000	1.3239	0.75532	5.2792	7.3952	186.99	20.809	29.180	325.34	0.29771	15.739	0.022732	vapor
255.00	1.0000	1.3222	0.75632	5.2862	7.4049	187.03	20.809	29.180	325.55	0.29694	15.756	0.022756	vapor
255.33	1.0000	1.3205	0.75731	5.2931	7.4146	187.07	20.809	29.179	325.76	0.29618	15.772	0.022780	vapor
255.67	1.0000	1.3187	0.75830	5.3001	7.4244	187.11	20.809	29.179	325.98	0.29542	15.789	0.022804	vapor
256.00	1.0000	1.3170	0.75929	5.3070	7.4341	187.14	20.809	29.179	326.19	0.29466	15.805	0.022827	vapor
256.33	1.0000	1.3153	0.76029	5.3140	7.4438	187.18	20.809	29.179	326.40	0.29390	15.821	0.022851	vapor
256.67	1.0000	1.3136	0.76128	5.3209	7.4535	187.22	20.809	29.179	326.61	0.29315	15.838	0.022875	vapor
257.00	1.0000	1.3119	0.76227	5.3279	7.4633	187.26	20.809	29.179	326.83	0.29240	15.854	0.022898	vapor
257.33	1.0000	1.3102	0.76327	5.3348	7.4730	187.30	20.809	29.178	327.04	0.29165	15.870	0.022922	vapor
257.67	1.0000	1.3085	0.76426	5.3418	7.4827	187.33	20.809	29.178	327.25	0.29090	15.887	0.022946	vapor
258.00	1.0000	1.3068	0.76525	5.3487	7.4924	187.37	20.809	29.178	327.46	0.29015	15.903	0.022969	vapor
258.33	1.0000	1.3051	0.76624	5.3556	7.5022	187.41	20.809	29.178	327.68	0.28941	15.919	0.022993	vapor
258.67	1.0000	1.3034	0.76724	5.3626	7.5119	187.45	20.809	29.178	327.89	0.28867	15.936	0.023016	vapor
259.00	1.0000	1.3017	0.76823	5.3695	7.5216	187.48	20.809	29.178	328.10	0.28793	15.952	0.023040	vapor
259.33	1.0000	1.3000	0.76922	5.3765	7.5313	187.52	20.809	29.178	328.31	0.28720	15.968	0.023064	vapor
259.67	1.0000	1.2983	0.77021	5.3834	7.5411	187.56	20.809	29.177	328.52	0.28647	15.985	0.023087	vapor
260.00	1.0000	1.2967	0.77121	5.3904	7.5508	187.60	20.809	29.177	328.74	0.28573	16.001	0.023111	vapor
260.33	1.0000	1.2950	0.77220	5.3973	7.5605	187.63	20.809	29.177	328.95	0.28501	16.017	0.023134	vapor
260.67	1.0000	1.2933	0.77319	5.4043	7.5702	187.67	20.809	29.177	329.16	0.28428	16.033	0.023158	vapor
261.00	1.0000	1.2917	0.77418	5.4112	7.5800	187.71	20.809	29.177	329.37	0.28356	16.050	0.023181	vapor
261.33	1.0000	1.2900	0.77518	5.4182	7.5897	187.75	20.809	29.177	329.58	0.28283	16.066	0.023205	vapor
261.67	1.0000	1.2884	0.77617	5.4251	7.5994	187.78	20.809	29.177	329.79	0.28211	16.082	0.023228	vapor
262.00	1.0000	1.2867	0.77716	5.4320	7.6091	187.82	20.809	29.176	330.00	0.28140	16.098	0.023252	vapor
262.33	1.0000	1.2851	0.77815	5.4390	7.6189	187.86	20.809	29.176	330.21	0.28068	16.115	0.023275	vapor
262.67	1.0000	1.2835	0.77915	5.4459	7.6286	187.89	20.809	29.176	330.42	0.27997	16.131	0.023299	vapor
263.00	1.0000	1.2818	0.78014	5.4529	7.6383	187.93	20.809	29.176	330.63	0.27926	16.147	0.023322	vapor
263.33	1.0000	1.2802	0.78113	5.4598	7.6480	187.97	20.809	29.176	330.84	0.27855	16.163	0.023346	vapor
263.67	1.0000	1.2786	0.78212	5.4668	7.6578	188.00	20.809	29.176	331.05	0.27784	16.179	0.023369	vapor
264.00	1.0000	1.2770	0.78312	5.4737	7.6675	188.04	20.809	29.176	331.26	0.27714	16.196	0.023393	vapor
264.33	1.0000	1.2753	0.78411	5.4807	7.6772	188.08	20.809	29.176	331.47	0.27644	16.212	0.023416	vapor
264.67	1.0000	1.2737	0.78510	5.4876	7.6869	188.11	20.809	29.176	331.68	0.27574	16.228	0.023439	vapor
265.00	1.0000	1.2721	0.78609	5.4946	7.6967	188.15	20.809	29.175	331.89	0.27504	16.244	0.023463	vapor
265.33	1.0000	1.2705	0.78709	5.5015	7.7064	188.19	20.810	29.175	332.10	0.27434	16.260	0.023486	vapor
265.67	1.0000	1.2689	0.78808	5.5084	7.7161	188.22	20.810	29.175	332.31	0.27365	16.276	0.023509	vapor
266.00	1.0000	1.2673	0.78907	5.5154	7.7258	188.26	20.810	29.175	332.52	0.27296	16.293	0.023533	vapor
266.33	1.0000	1.2657	0.79006	5.5223	7.7356	188.30	20.810	29.175	332.73	0.27227	16.309	0.023556	vapor
266.67	1.0000	1.2641	0.79105	5.5293	7.7453	188.33	20.810	29.175	332.94	0.27158	16.325	0.023579	vapor
267.00	1.0000	1.2626	0.79205	5.5362	7.7550	188.37	20.810	29.175	333.14	0.27090	16.341	0.023603	vapor
267.33	1.0000	1.2610	0.79304	5.5432	7.7647	188.41	20.810	29.175	333.35	0.27021	16.357	0.023626	vapor
267.67	1.0000	1.2594	0.79403	5.5501	7.7745	188.44	20.810	29.175	333.56	0.26953	16.373	0.023649	vapor
268.00	1.0000	1.2578	0.79502	5.5571	7.7842	188.48	20.810	29.174	333.77	0.26885	16.389	0.023673	vapor
268.33	1.0000	1.2563	0.79602	5.5640	7.7939	188.52	20.810	29.174	333.98	0.26818	16.405	0.023696	vapor
268.67	1.0000	1.2547	0.79701	5.5709	7.8036	188.55	20.810	29.174	334.18	0.26750	16.421	0.023719	vapor
269.00	1.0000	1.2531	0.79800	5.5779	7.8134	188.59	20.810	29.174	334.39	0.26683	16.437	0.023742	vapor
269.33	1.0000	1.2516	0.79899	5.5848	7.8231	188.62	20.810	29.174	334.60	0.26616	16.453	0.023766	vapor
269.67	1.0000	1.2500	0.79999	5.5918	7.8328	188.66	20.810	29.174	334.81	0.26549	16.470	0.023789	vapor
270.00	1.0000	1.2485	0.80098	5.5987	7.8425	188.70	20.810	29.174	335.01	0.26482	16.486	0.023812	vapor
270.33	1.0000	1.2469	0.80197	5.6057	7.8523	188.73	20.810	29.174	335.22	0.26415	16.502	0.023835	vapor
270.67	1.0000	1.2454	0.80296	5.6126	7.8620	188.77	20.810	29.174	335.43	0.26349	16.518	0.023858	vapor
271.00	1.0000	1.2439	0.80395	5.6196	7.8717	188.80	20.810	29.174	335.64	0.26283	16.534	0.023882	vapor
271.33	1.0000	1.2423	0.80495	5.6265	7.8814	188.84	20.810	29.173	335.84	0.26217	16.550	0.023905	vapor
271.67	1.0000	1.2408	0.80594	5.6335	7.8912	188.88	20.810	29.173	336.05	0.26151	16.566	0.023928	vapor
272.00	1.0000	1.2393	0.80693	5.6404	7.9009	188.91	20.810	29.173	336.26	0.26086	16.582	0.023951	vapor
272.33	1.0000	1.2377	0.80792	5.6473	7.9106	188.95	20.811	29.173	336.46	0.26021	16.598	0.023974	vapor
272.67	1.0000	1.2362	0.80892	5.6543	7.9203	188.98	20.811	29.173	336.67	0.25955	16.614	0.023997	vapor
273.00	1.0000	1.2347	0.80991	5.6612	7.9301	189.02	20.811	29.173	336.87	0.25890	16.629	0.024020	vapor
273.33	1.0000	1.2332	0.81090	5.6682	7.9398	189.05	20.811	29.173	337.08	0.25826	16.645	0.024044	vapor
273.67	1.0000	1.2317	0.81189	5.6751	7.9495	189.09	20.811	29.173	337.29	0.25761	16.661	0.024067	vapor
274.00	1.0000	1.2302	0.81288	5.6821	7.9592	189.13	20.811	29.173	337.49	0.25697	16.677	0.024090	vapor
274.33	1.0000	1.2287	0.81388	5.6890	7.9690	189.16	20.811	29.173	337.70	0.25633	16.693	0.024113	vapor
274.67	1.0000	1.2272	0.81487	5.6960	7.9787	189.20	20.811	29.173	337.90	0.25569	16.709	0.024136	vapor
275.00	1.0000	1.2257	0.81586	5.7029	7.9884	189.23	20.811	29.173	338.11	0.25505	16.725	0.024159	vapor
275.33	1.0000	1.2242	0.81685	5.7098	7.9981	189.27	20.811	29.173	338.31	0.25441	16.741	0.024182	vapor
275.67	1.0000	1.2227	0.81785	5.7168	8.0079	189.30	20.811	29.172	338.52	0.25378	16.757	0.024205	vapor
276.00	1.0000	1.2212	0.81884	5.7237	8.0176	189.34	20.811	29.172	338.72	0.25314	16.773	0.024228	vapor
276.33	1.0000	1.2198	0.81983	5.7307	8.0273	189.37	20.811	29.172	338.93	0.25251	16.789	0.024251	vapor
276.67	1.0000	1.2183	0.82082	5.7376	8.0370	189.41	20.811	29.172	339.13	0.25188	16.805	0.024274	vapor
277.00	1.0000	1.2168	0.82181	5.7446	8.0468	189.44	20.811	29.172	339.34	0.25126	16.820	0.024297	vapor
277.33	1.0000	1.2154	0.82281	5.7515	8.0565	189.48	20.811	29.172	339.54	0.25063	16.836	0.024320	vapor
277.67	1.0000	1.2139	0.82380	5.7585	8.0662	189.51	20.812	29.172	339.75	0.25001	16.852	0.024343	vapor
278.00	1.0000	1.2124	0.82479	5.7654	8.0759	189.55	20.812	29.172	339.95	0.24939	16.868	0.024366	vapor
278.33	1.0000	1.2110	0.82578	5.7723	8.0857	189.58	20.812	29.172	340.16	0.24877	16.884	0.024389	vapor
278.67	1.0000	1.2095	0.82677	5.7793	8.0954	189.62	20.812	29.172	340.36	0.24815	16.900	0.024412	vapor
279.00	1.0000	1.2081	0.82777	5.7862	8.1051	189.65	20.812	29.172	340.56	0.24753	16.915	0.024435	vapor
279.33	1.0000	1.2066	0.82876	5.7932	8.1148	189.69	20.812	29.172	340.77	0.24692	16.931	0.024458	vapor
279.67	1.0000	1.2052	0.82975	5.8001	8.1245	189.72	20.812	29.172	340.97	0.24630	16.947	0.024480	vapor
280.00	1.0000	1.2037	0.83074	5.8071	8.1343	189.76	20.812	29.172	341.17	0.24569	16.963	0.024503	vapor
280.33	1.0000	1.2023	0.83173	5.8140	8.1440	189.79	20.812	29.172	341.38	0.24508	16.979	0.024526	vapor
280.67	1.0000	1.2009	0.83273	5.8210	8.1537	189.83	20.812	29.172	341.58	0.24448	16.994	0.024549	vapor
281.00	1.0000	1.1994	0.83372	5.8279	8.1634	189.86	20.812	29.172	341.78	0.24387	17.010	0.024572	vapor
281.33	1.0000	1.1980	0.83471	5.8349	8.1732	189.90	20.812	29.171	341.99	0.24327	17.026	0.024595	vapor
281.67	1.0000	1.1966	0.83570	5.8418	8.1829	189.93	20.812	29.171	342.19	0.24266	17.042	0.024618	vapor
282.00	1.0000	1.1952	0.83669	5.8487	8.1926	189.97	20.813	29.171	342.39	0.24206	17.058	0.024640	vapor
282.33	1.0000	1.1938	0.83769	5.8557	8.2023	190.00	20.813	29.171	342.59	0.24146	17.073	0.024663	vapor
282.67	1.0000	1.1924	0.83868	5.8626	8.2121	190.03	20.813	29.171	342.80	0.24087	17.089	0.024686	vapor
283.00	1.0000	1.1909	0.83967	5.8696	8.2218	190.07	20.813	29.171	343.00	0.24027	17.105	0.024709	vapor
283.33	1.0000	1.1895	0.84066	5.8765	8.2315	190.10	20.813	29.171	343.20	0.23968	17.120	0.024732	vapor
283.67	1.0000	1.1881	0.84165	5.8835	8.2412	190.14	20.813	29.171	343.40	0.23908	17.136	0.024754	vapor
284.00	1.0000	1.1867	0.84265	5.8904	8.2510	190.17	20.813	29.171	343.61	0.23849	17.152	0.024777	vapor
284.33	1.0000	1.1853	0.84364	5.8974	8.2607	190.21	20.813	29.171	343.81	0.23790	17.168	0.024800	vapor
284.67	1.0000	1.1840	0.84463	5.9043	8.2704	190.24	20.813	29.171	344.01	0.23732	17.183	0.024823	vapor
285.00	1.0000	1.1826	0.84562	5.9112	8.2801	190.27	20.813	29.171	344.21	0.23673	17.199	0.024845	vapor
285.33	1.0000	1.1812	0.84661	5.9182	8.2899	190.31	20.813	29.171	344.41	0.23615	17.215	0.024868	vapor
285.67	1.0000	1.1798	0.84761	5.9251	8.2996	190.34	20.814	29.171	344.61	0.23556	17.230	0.024891	vapor
286.00	1.0000	1.1784	0.84860	5.9321	8.3093	190.38	20.814	29.171	344.82	0.23498	17.246	0.024914	vapor
286.33	1.0000	1.1770	0.84959	5.9390	8.3190	190.41	20.814	29.171	345.02	0.23440	17.262	0.024936	vapor
286.67	1.0000	1.1757	0.85058	5.9460	8.3287	190.44	20.814	29.171	345.22	0.23383	17.277	0.024959	vapor
287.00	1.0000	1.1743	0.85157	5.9529	8.3385	190.48	20.814	29.171	345.42	0.23325	17.293	0.024982	vapor
287.33	1.0000	1.1729	0.85257	5.9599	8.3482	190.51	20.814	29.171	345.62	0.23268	17.309	0.025004	vapor
287.67	1.0000	1.1716	0.85356	5.9668	8.3579	190.55	20.814	29.171	345.82	0.23210	17.324	0.025027	vapor
288.00	1.0000	1.1702	0.85455	5.9738	8.3676	190.58	20.814	29.171	346.02	0.23153	17.340	0.025050	vapor
288.33	1.0000	1.1689	0.85554	5.9807	8.3774	190.61	20.814	29.171	346.22	0.23096	17.355	0.025072	vapor
288.67	1.0000	1.1675	0.85653	5.9876	8.3871	190.65	20.814	29.171	346.42	0.23039	17.371	0.025095	vapor
289.00	1.0000	1.1661	0.85752	5.9946	8.3968	190.68	20.815	29.171	346.62	0.22983	17.387	0.025117	vapor
289.33	1.0000	1.1648	0.85852	6.0015	8.4065	190.71	20.815	29.171	346.82	0.22926	17.402	0.025140	vapor
289.67	1.0000	1.1635	0.85951	6.0085	8.4163	190.75	20.815	29.171	347.02	0.22870	17.418	0.025163	vapor
290.00	1.0000	1.1621	0.86050	6.0154	8.4260	190.78	20.815	29.171	347.22	0.22814	17.433	0.025185	vapor
290.33	1.0000	1.1608	0.86149	6.0224	8.4357	190.82	20.815	29.171	347.42	0.22758	17.449	0.025208	vapor
290.67	1.0000	1.1594	0.86248	6.0293	8.4454	190.85	20.815	29.171	347.62	0.22702	17.464	0.025230	vapor
291.00	1.0000	1.1581	0.86348	6.0363	8.4552	190.88	20.815	29.171	347.82	0.22646	17.480	0.025253	vapor
291.33	1.0000	1.1568	0.86447	6.0432	8.4649	190.92	20.815	29.171	348.02	0.22590	17.496	0.025275	vapor
291.67	1.0000	1.1555	0.86546	6.0502	8.4746	190.95	20.815	29.171	348.22	0.22535	17.511	0.025298	vapor
292.00	1.0000	1.1541	0.86645	6.0571	8.4843	190.98	20.816	29.171	348.42	0.22480	17.527	0.025320	vapor
292.33	1.0000	1.1528	0.86744	6.0640	8.4940	191.02	20.816	29.171	348.62	0.22425	17.542	0.025343	vapor
292.67	1.0000	1.1515	0.86843	6.0710	8.5038	191.05	20.816	29.171	348.81	0.22370	17.558	0.025365	vapor
293.00	1.0000	1.1502	0.86943	6.0779	8.5135	191.08	20.816	29.171	349.01	0.22315	17.573	0.025388	vapor
293.33	1.0000	1.1489	0.87042	6.0849	8.5232	191.11	20.816	29.171	349.21	0.22260	17.589	0.025410	vapor
293.67	1.0000	1.1476	0.87141	6.0918	8.5329	191.15	20.816	29.171	349.41	0.22206	17.604	0.025433	vapor
294.00	1.0000	1.1463	0.87240	6.0988	8.5427	191.18	20.816	29.171	349.61	0.22151	17.620	0.025455	vapor
294.33	1.0000	1.1450	0.87339	6.1057	8.5524	191.21	20.816	29.171	349.81	0.22097	17.635	0.025478	vapor
294.67	1.0000	1.1437	0.87438	6.1127	8.5621	191.25	20.816	29.171	350.00	0.22043	17.651	0.025500	vapor
295.00	1.0000	1.1424	0.87538	6.1196	8.5718	191.28	20.817	29.171	350.20	0.21989	17.666	0.025523	vapor
295.33	1.0000	1.1411	0.87637	6.1265	8.5816	191.31	20.817	29.171	350.40	0.21935	17.682	0.025545	vapor
295.67	1.0000	1.1398	0.87736	6.1335	8.5913	191.35	20.817	29.171	350.60	0.21881	17.697	0.025568	vapor
296.00	1.0000	1.1385	0.87835	6.1404	8.6010	191.38	20.817	29.171	350.80	0.21828	17.712	0.025590	vapor
296.33	1.0000	1.1372	0.87934	6.1474	8.6107	191.41	20.817	29.171	350.99	0.21775	17.728	0.025612	vapor
296.67	1.0000	1.1359	0.88033	6.1543	8.6205	191.44	20.817	29.171	351.19	0.21721	17.743	0.025635	vapor
297.00	1.0000	1.1347	0.88133	6.1613	8.6302	191.48	20.817	29.171	351.39	0.21668	17.759	0.025657	vapor
297.33	1.0000	1.1334	0.88232	6.1682	8.6399	191.51	20.818	29.171	351.59	0.21615	17.774	0.025679	vapor
297.67	1.0000	1.1321	0.88331	6.1752	8.6496	191.54	20.818	29.171	351.78	0.21562	17.789	0.025702	vapor
298.00	1.0000	1.1308	0.88430	6.1821	8.6594	191.58	20.818	29.171	351.98	0.21510	17.805	0.025724	vapor
298.33	1.0000	1.1296	0.88529	6.1891	8.6691	191.61	20.818	29.171	352.18	0.21457	17.820	0.025746	vapor
298.67	1.0000	1.1283	0.88628	6.1960	8.6788	191.64	20.818	29.171	352.37	0.21405	17.836	0.025769	vapor
299.00	1.0000	1.1270	0.88728	6.2030	8.6885	191.67	20.818	29.171	352.57	0.21353	17.851	0.025791	vapor
299.33	1.0000	1.1258	0.88827	6.2099	8.6982	191.71	20.818	29.171	352.77	0.21300	17.866	0.025813	vapor
299.67	1.0000	1.1245	0.88926	6.2168	8.7080	191.74	20.818	29.171	352.96	0.21249	17.882	0.025836	vapor
300.00	1.0000	1.1233	0.89025	6.2238	8.7177	191.77	20.819	29.171	353.16	0.21197	17.897	0.025858	vapor
